spawns: 
  default: 
    world: plotworld
    x: 0.47582494857136765
    y: 65.0
    z: 0.43381268684443225
    yaw: -177.4483
    pitch: 69.29979
