spawns: 
  default: 
    world: plotworld
    x: 0.47806633994212494
    y: 65.0
    z: 0.8262073634043544
    yaw: 328.94232
    pitch: 89.10051
