geolocation: N/A
lastAccountName: Auraion
timestamps:
  login: 1478304648980
  logout: 1478304603282
ipAddress: 10.16.12.225
lastlocation:
  world: world
  x: 41.5
  y: 64.0
  z: 66.5
  yaw: 0.0
  pitch: 0.0
logoutlocation:
  world: plotworld
  x: 49.09316786779361
  y: 65.0
  z: -55.87602841487255
  yaw: 4.953125
  pitch: 30.00001
