lastAccountName: DesJYT
timestamps:
  login: 1478304003217
  logout: 1478303978280
ipAddress: 10.16.12.237
geolocation: N/A
lastlocation:
  world: world
  x: 41.5
  y: 64.0
  z: 66.5
  yaw: 0.0
  pitch: 0.0
logoutlocation:
  world: plotworld
  x: 0.5
  y: 65.0
  z: 0.5
  yaw: -106.80011
  pitch: 5.0999684
