lastAccountName: asdalavisa
timestamps:
  login: 1478257394983
  logout: 1478257315611
  lastteleport: 1478257704714
ipAddress: 10.1.12.11
lastlocation:
  world: plotworld
  x: -16.52715965819603
  y: 65.75163854127716
  z: 33.774023957804815
  yaw: -252.4496
  pitch: 28.199903
geolocation: N/A
logoutlocation:
  world: plotworld
  x: -14.724983688538593
  y: 67.13955415679905
  z: 23.410524010432752
  yaw: 99.14984
  pitch: 17.999964
afk: true
