pawns:
  default:
    world: plotworld
    x: 0.45940080931384175
    y: 65.0
    z: 0.1978665627363984
    yaw: 190.2016
    pitch: -2.4002993
